0 0.921484 0.53125 0.157031 0.134722
0 0.516016 0.572917 0.255469 0.218056
3 0.732031 0.493056 0.101562 0.102778
1 0.303906 0.5 0.173437 0.125
1 0.634375 0.495139 0.125 0.101389
2 0.923828 0.175694 0.0304687 0.0680556
2 0.946484 0.152083 0.0507812 0.0875
2 0.308203 0.354861 0.0585938 0.0430556
2 0.285938 0.390278 0.028125 0.025
2 0.307031 0.400694 0.059375 0.0347222
2 0.303516 0.425694 0.0617188 0.0180556
2 0.630859 0.397917 0.0398437 0.0236111
2 0.725781 0.390278 0.0375 0.0305556
2 0.727344 0.421528 0.04375 0.0291667
2 0.626563 0.4375 0.0296875 0.0111111
2 0.638281 0.428472 0.040625 0.0263889
2 0.719922 0.4375 0.0367188 0.0166667
