0 0.372266 0.536806 0.183594 0.168056
3 0.514844 0.596528 0.264062 0.234722
1 0.0371094 0.488194 0.0742188 0.129167
2 0.00742187 0.354167 0.0148437 0.0194444
2 0.00664062 0.390278 0.0132812 0.0277778
2 0.00742187 0.407639 0.0148437 0.0236111
2 0.367969 0.0395833 0.071875 0.0791667
2 0.373828 0.0604167 0.0570312 0.0902778
2 0.403125 0.0715278 0.05 0.118056
2 0.516406 0.288889 0.0984375 0.0777778
2 0.524609 0.342361 0.125781 0.0597222
2 0.522656 0.388889 0.101562 0.0583333
2 0.498437 0.404861 0.1 0.0652778
2 0.497656 0.463194 0.0984375 0.0347222
2 0.524219 0.463889 0.090625 0.0611111
