0 0.05625 0.443056 0.1125 0.125
0 0.770703 0.524306 0.199219 0.173611
3 0.155469 0.458333 0.153125 0.122222
2 0.0429688 0.1625 0.05 0.0722222
2 0.0503906 0.180556 0.0429688 0.0472222
2 0.158594 0.320833 0.0453125 0.0388889
2 0.151562 0.338194 0.0453125 0.0375
2 0.164453 0.347222 0.0460938 0.0305556
2 0.16875 0.363194 0.028125 0.0319444
2 0.153516 0.371528 0.0492187 0.0375
2 0.151562 0.395139 0.0453125 0.0291667
2 0.167578 0.397917 0.0367188 0.0236111
2 0.784766 0.0958333 0.0648438 0.0916667
2 0.782813 0.138889 0.0625 0.0416667
