0 0.0773438 0.568056 0.154688 0.241667
0 0.679297 0.553472 0.211719 0.176389
3 0.887891 0.503472 0.100781 0.0791667
1 0.496875 0.492361 0.135937 0.104167
1 0.792188 0.504167 0.114062 0.0972222
2 0.502734 0.379167 0.0476562 0.0361111
2 0.500781 0.410417 0.0515625 0.0319444
2 0.498437 0.431944 0.05 0.025
2 0.785547 0.4125 0.0414062 0.0194444
2 0.790625 0.436806 0.0390625 0.0430556
2 0.880078 0.404861 0.0414062 0.0291667
2 0.882812 0.432639 0.0484375 0.0208333
2 0.873828 0.452083 0.0429688 0.0208333
