0 0.436719 0.727778 0.478125 0.438889
0 0.948047 0.563194 0.103906 0.179167
3 0.737109 0.506944 0.121094 0.102778
1 0.142969 0.5375 0.2625 0.194444
1 0.619141 0.511806 0.161719 0.118056
2 0.144141 0.331944 0.0804688 0.0611111
2 0.183984 0.345833 0.0335937 0.0361111
2 0.119141 0.374306 0.0351562 0.0347222
2 0.153125 0.395139 0.084375 0.0486111
2 0.150781 0.433333 0.1 0.0361111
2 0.613281 0.386806 0.0578125 0.0263889
2 0.623437 0.426389 0.0453125 0.0416667
2 0.604688 0.436806 0.0375 0.0208333
2 0.725391 0.372917 0.0460938 0.0375
2 0.739062 0.405556 0.0296875 0.0277778
2 0.723437 0.413889 0.046875 0.0333333
2 0.719141 0.440278 0.0429688 0.0194444
