0 0.595313 0.395833 0.115625 0.130556
0 0.720313 0.523611 0.182812 0.158333
3 0.735547 0.447917 0.103906 0.0236111
1 0.375781 0.447917 0.1 0.0819444
2 0.378516 0.365278 0.0320312 0.0305556
2 0.378516 0.377083 0.0320312 0.0152778
2 0.371484 0.386806 0.0289063 0.0180556
2 0.380859 0.394444 0.0304687 0.025
2 0.375391 0.404167 0.0335937 0.0222222
2 0.558984 0.15625 0.0257812 0.0736111
2 0.7375 0.355556 0.0421875 0.0361111
2 0.728906 0.373611 0.040625 0.0361111
2 0.74375 0.379861 0.0375 0.0263889
2 0.745703 0.400694 0.0226562 0.0291667
2 0.730469 0.407639 0.0421875 0.0319444
2 0.726953 0.429861 0.0398437 0.0236111
2 0.753516 0.430556 0.0148437 0.0222222
