0 0.715625 0.518056 0.178125 0.15
3 0.734375 0.44375 0.096875 0.0236111
1 0.375391 0.445833 0.100781 0.0833333
2 0.377734 0.361111 0.0320312 0.0305556
2 0.377734 0.379861 0.0242188 0.0180556
2 0.376563 0.390972 0.040625 0.0347222
2 0.376953 0.402778 0.0335937 0.0166667
2 0.742969 0.429861 0.0359375 0.0263889
2 0.727734 0.426389 0.0398437 0.025
2 0.730078 0.403472 0.0429688 0.0319444
2 0.746094 0.379167 0.0390625 0.0305556
2 0.729297 0.370833 0.0414062 0.0388889
2 0.742969 0.354167 0.0296875 0.0361111
