0 0.225391 0.538194 0.253906 0.193056
0 0.6625 0.513194 0.148438 0.134722
3 0.683984 0.484028 0.103906 0.101389
1 0.337109 0.447917 0.0976562 0.0652778
2 0.342578 0.3625 0.0382813 0.0333333
2 0.341016 0.383333 0.0335937 0.0194444
2 0.341797 0.397222 0.0429688 0.0194444
2 0.676172 0.159028 0.0554687 0.0875
2 0.686719 0.152778 0.0515625 0.075
2 0.683984 0.363889 0.0398437 0.0277778
2 0.687891 0.38125 0.0429688 0.0180556
2 0.682031 0.402778 0.0515625 0.0222222
2 0.677734 0.421528 0.0554687 0.0152778
