0 0.226953 0.5625 0.266406 0.25
0 0.721094 0.518056 0.16875 0.141667
3 0.739844 0.488194 0.10625 0.101389
1 0.374219 0.442361 0.0953125 0.0763889
2 0.377344 0.357639 0.034375 0.0319444
2 0.378906 0.386806 0.04375 0.0263889
2 0.742188 0.134028 0.0609375 0.101389
2 0.757812 0.122917 0.04375 0.0958333
2 0.735547 0.348611 0.0367188 0.0333333
2 0.739453 0.366667 0.0585938 0.0222222
2 0.737109 0.391667 0.0492187 0.0277778
2 0.734375 0.409028 0.0390625 0.0236111
2 0.734766 0.431944 0.0585938 0.0222222
