0 0.148047 0.584722 0.296094 0.277778
0 0.680469 0.527778 0.184375 0.158333
3 0.695703 0.489583 0.107031 0.109722
1 0.317578 0.448611 0.107031 0.0861111
2 0.319531 0.359028 0.0328125 0.0291667
2 0.313281 0.386111 0.040625 0.0194444
2 0.319922 0.403472 0.0429688 0.0125
2 0.702734 0.110417 0.0617188 0.101389
2 0.709766 0.105556 0.0632812 0.0916667
2 0.693359 0.352083 0.0382813 0.0319444
2 0.687891 0.372222 0.0554687 0.0277778
2 0.692969 0.38125 0.053125 0.0236111
2 0.686719 0.405556 0.053125 0.0361111
2 0.692969 0.423611 0.065625 0.0166667
