0 0.107422 0.634722 0.214844 0.341667
0 0.688281 0.543056 0.2 0.166667
3 0.694141 0.493056 0.108594 0.111111
1 0.278516 0.454167 0.117969 0.0861111
2 0.284375 0.356944 0.046875 0.0305556
2 0.276562 0.379861 0.0625 0.0236111
2 0.288672 0.397222 0.0398437 0.0138889
2 0.707812 0.0756944 0.0671875 0.115278
2 0.719141 0.0666667 0.0710937 0.116667
2 0.696875 0.348611 0.040625 0.0333333
2 0.691406 0.368056 0.0515625 0.0277778
2 0.692578 0.374306 0.0804688 0.0236111
2 0.684766 0.409028 0.0648438 0.0319444
2 0.691797 0.435417 0.0617188 0.0402778
